sep=2	barwidth=20	rows=20	cols=4	population=1000	pseudo=0.01
//Colors and order
A	0	255	0
C	0	0	255
G	0	0	0
T	255	0	0
//Weight
A	C	G	T
0.43	0.17	0.23	0.17
0.3	0.24	0.24	0.22
0.32	0.28	0.16	0.24
0.36	0.24	0.25	0.15
1	0	0	0
0	0	0	1
0.99	0.004	0.001	0.005
0.004	0.005	0.001	0.99
0.004	0.99	0.001	0.005
0.004	0.99	0.001	0.005
0.001	0.008	0.001	0.99
0.001	0.049	0.01	0.94
0.02	0.15	0.06	0.77
0.13	0.27	0.18	0.42
0.23	0.3	0.16	0.31
0.26	0.16	0.24	0.34
0.22	0.1	0.32	0.36
0.21	0.18	0.25	0.36
0.24	0.23	0.27	0.26
0.23	0.21	0.25	0.31
