sep=2	barwidth=20	rows=17	cols=4	population=170	pseudo=0.01
//Colors and order
A	0	255	0
C	0	0	255
G	0	0	0
T	255	0	0
//Weight
A	C	G	T
0.264705882352941	0.194117647058824	0.129411764705882	0.411764705882353
0.252941176470588	0.176470588235294	0.123529411764706	0.447058823529412
0.211764705882353	0.2	0.152941176470588	0.435294117647059
0.176470588235294	0.211764705882353	0.0764705882352941	0.535294117647059
0.2	0.258823529411765	0.0823529411764706	0.458823529411765
0.170588235294118	0.264705882352941	0.111764705882353	0.452941176470588
0.270588235294118	0.282352941176471	0.0764705882352941	0.370588235294118
0.194117647058824	0.311764705882353	0.0647058823529412	0.429411764705882
0.0941176470588235	0.305882352941176	0.0764705882352941	0.523529411764706
0.141176470588235	0.241176470588235	0.0352941176470588	0.582352941176471
0.294117647058824	0.141176470588235	0.276470588235294	0.288235294117647
0.0411764705882353	0.647058823529412	0.0235294117647059	0.288235294117647
1	0	0	0
0	0	1	0
0.3	0.164705882352941	0.405882352941176	0.129411764705882
0.270588235294118	0.2	0.105882352941176	0.423529411764706
0.194117647058824	0.3	0.247058823529412	0.258823529411765
