sep=2	barwidth=20	rows=13	cols=4	population=170	pseudo=0.01
//Colors and order
A	0	255	0
C	0	0	255
G	0	0	0
T	255	0	0
//Weight
A	C	G	T
0.435294117647059	0.376470588235294	0.129411764705882	0.0588235294117647
0.811764705882353	0.0352941176470588	0.0764705882352941	0.0764705882352941
0.0235294117647059	0.00588235294117647	0.947058823529412	0.0235294117647059
0	0	1	0
0	1	0	0
0.935294117647059	0.00588235294117647	0.0529411764705882	0.00588235294117647
0.911764705882353	0.0117647058823529	0.0352941176470588	0.0411764705882353
0.0294117647058824	0.0176470588235294	0.929411764705882	0.0235294117647059
0.111764705882353	0.123529411764706	0.0588235294117647	0.705882352941177
0.458823529411765	0.182352941176471	0.188235294117647	0.170588235294118
0.358823529411765	0.217647058823529	0.170588235294118	0.252941176470588
0.464705882352941	0.205882352941176	0.0411764705882353	0.288235294117647
0.335294117647059	0.176470588235294	0.129411764705882	0.358823529411765
