sep=2	barwidth=20	rows=13	cols=4	population=162	pseudo=0.01
//Colors and order
A	0	255	0
C	0	0	255
G	0	0	0
T	255	0	0
//Weight
A	C	G	T
0.320987654320988	0.185185185185185	0.197530864197531	0.296296296296296
0.240740740740741	0.358024691358025	0.191358024691358	0.209876543209877
0.259259259259259	0.148148148148148	0.0555555555555556	0.537037037037037
0	0	1	0
0	0	0	1
0.981481481481482	0.00617283950617284	0.00617283950617284	0.00617283950617284
0.00617283950617284	0.00617283950617284	0.00617283950617284	0.981481481481482
0.00617283950617284	0.975308641975309	0.00617283950617284	0.0123456790123457
0.00617283950617284	0.938271604938272	0.00617283950617284	0.0493827160493827
0.0246913580246914	0.00617283950617284	0.0123456790123457	0.95679012345679
0.037037037037037	0.0740740740740741	0.0493827160493827	0.839506172839506
0.104938271604938	0.203703703703704	0.117283950617284	0.574074074074074
0.228395061728395	0.234567901234568	0.228395061728395	0.308641975308642
