sep=2	barwidth=20	rows=20	cols=4	population=1000	pseudo=0.01
//Colors and order
A	0	255	0
C	0	0	255
G	0	0	0
T	255	0	0
//Weight
A	C	G	T
0.32	0.2	0.23	0.25
0.29	0.24	0.26	0.21
0.22	0.33	0.19	0.26
0.27	0.18	0.04	0.51
0	0	1	0
0	0	0	1
0.99	0.004	0.001	0.005
0.004	0.001	0.005	0.99
0.004	0.99	0.001	0.005
0.004	0.99	0.001	0.005
0.009	0.02	0.001	0.97
0.01	0.06	0.02	0.91
0.05	0.22	0.08	0.65
0.19	0.29	0.2	0.32
0.23	0.26	0.21	0.3
0.24	0.21	0.27	0.28
0.26	0.22	0.27	0.25
0.21	0.2	0.25	0.34
0.27	0.22	0.27	0.24
0.26	0.2	0.23	0.31
