sep=2	barwidth=20	rows=14	cols=4	population=107	pseudo=0.01
//Colors and order
A	0	255	0
C	0	0	255
G	0	0	0
T	255	0	0
//Weight
A	C	G	T
0.271028037383178	0.280373831775701	0.224299065420561	0.224299065420561
0.280373831775701	0.271028037383178	0.149532710280374	0.299065420560748
0.299065420560748	0.289719626168224	0.299065420560748	0.11214953271028
1	0	0	0
0	0	0	1
0.97196261682243	0.00934579439252336	0.00934579439252336	0.00934579439252336
0.00934579439252336	0.00934579439252336	0.00934579439252336	0.97196261682243
0.00934579439252336	0.97196261682243	0.00934579439252336	0.00934579439252336
0.00934579439252336	0.962616822429907	0.00934579439252336	0.0186915887850467
0.0186915887850467	0.0186915887850467	0.00934579439252336	0.953271028037383
0.0186915887850467	0.0747663551401869	0.0186915887850467	0.88785046728972
0.0467289719626168	0.205607476635514	0.0373831775700935	0.710280373831776
0.177570093457944	0.224299065420561	0.233644859813084	0.364485981308411
0.4	0.2	0.2	0.2
