sep=2	barwidth=20	rows=14	cols=4	population=1452	pseudo=0.01
//Colors and order
A	0	255	0
C	0	0	255
G	0	0	0
T	255	0	0
//Weight
A	C	G	T
0.402203856749311	0.368457300275482	0.172176308539945	0.0571625344352617
0.873278236914601	0.0130853994490358	0.0433884297520661	0.0702479338842975
0.0199724517906336	0.00206611570247934	0.974517906336088	0.0034435261707989
0	0	1	0
0	1	0	0
0.924931129476584	0.0137741046831956	0.0564738292011019	0.00482093663911846
0.831955922865014	0.0254820936639118	0.087465564738292	0.0550964187327824
0.00619834710743802	0.00206611570247934	0.988292011019284	0.0034435261707989
0.075068870523416	0.0867768595041322	0.0929752066115702	0.745179063360882
0.330578512396694	0.158402203856749	0.34228650137741	0.168732782369146
0.192148760330579	0.272038567493113	0.213498622589532	0.322314049586777
0.194214876033058	0.305785123966942	0.221763085399449	0.278236914600551
0.245179063360882	0.214187327823691	0.260330578512397	0.28030303030303
0.4	0.2	0.2	0.2
