sep=2	barwidth=20	rows=13	cols=4	population=85223	pseudo=0.01
//Colors and order
A	0	255	0
C	0	0	255
G	0	0	0
T	255	0	0
//Weight
A	C	G	T
0.389871278880115	0.362038416859299	0.178918836464335	0.0691714677962522
0.76132030085775	0.0469474202973376	0.0333712730131537	0.158361005831759
0.064618706217805	0.00410687255787757	0.880149724839539	0.0511246963847788
0	0	1	0
0	0	0	1
0.700714595825071	0.0256972882907196	0.0886497776421858	0.184938338242024
0.551728993346866	0.124743320465133	0.0239489339732232	0.299578752214778
0.230442486183307	0.0816211586074182	0.473733616511974	0.2142027386973
0.244734402684721	0.130586813418913	0.0861504523426774	0.538528331553689
0.313952806167349	0.152095091700597	0.100524506295249	0.433427595836805
0.274749774122009	0.180409044506765	0.0707555472114335	0.474085634159793
0.258955915656572	0.211445267122725	0.0720228107435786	0.457576006477125
0.245567511117891	0.190171667272919	0.0805885735071518	0.483672248102038
