sep=2	barwidth=20	rows=17	cols=4	population=1000	pseudo=0.01
//Colors and order
A	0	255	0
C	0	0	255
G	0	0	0
T	255	0	0
//Weight
A	C	G	T
0.25	0.29	0.16	0.3
0.17	0.32	0.17	0.34
0.15	0.37	0.09	0.39
0.17	0.33	0.13	0.37
0.08	0.72	0.03	0.17
1	0	0	0
0	0	1	0
0.44	0.2	0.18	0.18
0.14	0.21	0.14	0.51
0.42	0.15	0.2	0.23
0.14	0.19	0.21	0.46
0.2	0.27	0.3	0.23
0.23	0.25	0.27	0.25
0.0151515151515152	0.0151515151515152	0.954545454545455	0.0151515151515152
0.515151515151515	0.0606060606060606	0.318181818181818	0.106060606060606
0.363636363636364	0.196969696969697	0.166666666666667	0.272727272727273
0.393939393939394	0.212121212121212	0.151515151515152	0.242424242424242
