sep=2	barwidth=20	rows=13	cols=4	population=145892	pseudo=0.01
//Colors and order
A	0	255	0
C	0	0	255
G	0	0	0
T	255	0	0
//Weight
A	C	G	T
0.342212047267842	0.373420064157048	0.183779782304719	0.100588106270392
0.659371315767828	0.084740767142818	0.106592547912154	0.1492953691772
0.0976818468456118	0.00993200449647685	0.838620349299482	0.0537657993584295
0	0	1	0
0	0	0	1
0.603652016560195	0.0244427384640693	0.360047158171798	0.0118580868039372
0.771858635154772	0.0211937597674992	0.112480465001508	0.0944671400762208
0.063224851259836	0.0377676637512681	0.853240753434047	0.0457667315548488
0.175437995229348	0.153970060044416	0.180990047432347	0.489601897293889
0.297219861267239	0.197186960217147	0.307391769253969	0.198201409261646
0.219916102322266	0.248958133413758	0.242796040906972	0.288329723357004
0.209668796095742	0.271084089600526	0.254475913689579	0.264771200614153
0.21679050256354	0.245201930194939	0.262358456940751	0.27564911030077
