sep=2	barwidth=20	rows=13	cols=4	population=983	pseudo=0.01
//Colors and order
A	0	255	0
C	0	0	255
G	0	0	0
T	255	0	0
//Weight
A	C	G	T
0.385554425228891	0.450661241098678	0.140386571719227	0.0233977619532045
0.928789420142421	0.0101729399796541	0.00101729399796541	0.0600203458799593
0.0284842319430315	0.00101729399796541	0.956256358087487	0.0142421159715158
0	0	1	0
0	1	0	0
0.935910478128179	0.00712105798575788	0.0376398779247202	0.0193285859613428
0.811800610376399	0.0122075279755849	0.017293997965412	0.158697863682604
0.0498474059003052	0.00508646998982706	0.894201424211597	0.0508646998982706
0.14852492370295	0.134282807731434	0.0376398779247202	0.679552390640895
0.249237029501526	0.243133265513733	0.133265513733469	0.374364191251272
0.242115971515768	0.219735503560529	0.0732451678535097	0.464903357070193
0.211597151576806	0.262461851475076	0.0874872838250254	0.438453713123093
0.212614445574771	0.212614445574771	0.103763987792472	0.471007121057986
