sep=2	barwidth=20	rows=13	cols=4	population=52951	pseudo=0.01
//Colors and order
A	0	255	0
C	0	0	255
G	0	0	0
T	255	0	0
//Weight
A	C	G	T
0.428905969670072	0.209778852146324	0.179826632169364	0.18148854601424
0.544427867273517	0.137561141432645	0.0979018337708447	0.220109157522993
0.226416875979679	0.0625672791826406	0.518366036524334	0.192649808313346
0	0	1	0
0	0	0	1
0.558063114955336	0.00251175615191403	0.304356858227418	0.135068270665332
0.822496270136541	0.0233612207512606	0.0615096976449925	0.0926328114672055
0.0651356914883572	0.00666654076410266	0.85507355857302	0.0731242091745198
0.170799418330154	0.0525391399595853	0.0248531661347283	0.751808275575532
0.207682574455629	0.0381484768937319	0.0786198560933693	0.67554909255727
0.2268701252101	0.0568827784177825	0.0948612868501067	0.621385809522011
0.245698853657155	0.0772978791713093	0.0682706653320995	0.608732601839436
0.281127835168363	0.094823516080905	0.0900643991614889	0.533984249589243
