sep=2	barwidth=20	rows=13	cols=4	population=31708	pseudo=0.01
//Colors and order
A	0	255	0
C	0	0	255
G	0	0	0
T	255	0	0
//Weight
A	C	G	T
0.377507253689921	0.281064715529204	0.189857449224171	0.151570581556705
0.535101551658887	0.1495206257096	0.162198814179387	0.153179008452126
0.157373533493125	0.0571779992430932	0.662608805348808	0.122839661914974
0	0	1	0
0	0	0	1
0.569761574366091	0.0025230225810521	0.410716538413019	0.0169988646398385
0.866847483284975	0.0219502964551533	0.0679008452125646	0.0433013750473067
0.0325785290778352	0.00397376056515706	0.946417307934906	0.0170304024221017
0.0874227324334553	0.0906080484420336	0.0236848744796266	0.798284344644885
0.355367730541188	0.111675286993819	0.214583070518481	0.318373911946512
0.287908414280308	0.20206257096001	0.196701147975274	0.313327866784408
0.346820991547874	0.182887599344014	0.150372145830705	0.319919263277406
0.29673899331399	0.211933896808376	0.186199066481645	0.305128043395988
