sep=2	barwidth=20	rows=17	cols=4	population=210	pseudo=0.01
//Colors and order
A	0	255	0
C	0	0	255
G	0	0	0
T	255	0	0
//Weight
A	C	G	T
0.314285714285714	0.157142857142857	0.128571428571429	0.4
0.328571428571429	0.138095238095238	0.114285714285714	0.419047619047619
0.333333333333333	0.161904761904762	0.128571428571429	0.376190476190476
0.276190476190476	0.166666666666667	0.123809523809524	0.433333333333333
0.333333333333333	0.142857142857143	0.114285714285714	0.40952380952381
0.4	0.119047619047619	0.104761904761905	0.376190476190476
0.380952380952381	0.119047619047619	0.0666666666666667	0.433333333333333
0.285714285714286	0.0761904761904762	0.1	0.538095238095238
0.0714285714285714	0.0476190476190476	0.0285714285714286	0.852380952380952
0.00476190476190476	0.0142857142857143	0.00476190476190476	0.976190476190476
0.0857142857142857	0.123809523809524	0.0523809523809524	0.738095238095238
0.0285714285714286	0.766666666666667	0.00476190476190476	0.2
1	0	0	0
0	0	1	0
0.433333333333333	0.133333333333333	0.30952380952381	0.123809523809524
0.271428571428571	0.19047619047619	0.204761904761905	0.333333333333333
0.333333333333333	0.228571428571429	0.185714285714286	0.252380952380952
