sep=2	barwidth=20	rows=13	cols=4	population=210	pseudo=0.01
//Colors and order
A	0	255	0
C	0	0	255
G	0	0	0
T	255	0	0
//Weight
A	C	G	T
0.495238095238095	0.233333333333333	0.166666666666667	0.104761904761905
0.780952380952381	0.0285714285714286	0.0380952380952381	0.152380952380952
0.0476190476190476	0.019047619047619	0.880952380952381	0.0523809523809524
0	0	1	0
0	1	0	0
0.819047619047619	0.0142857142857143	0.128571428571429	0.0380952380952381
0.885714285714286	0.0285714285714286	0.0238095238095238	0.0619047619047619
0.0333333333333333	0.0142857142857143	0.90952380952381	0.0428571428571429
0.0904761904761905	0.0571428571428571	0.0238095238095238	0.828571428571429
0.138095238095238	0.0476190476190476	0.0666666666666667	0.747619047619048
0.185714285714286	0.0285714285714286	0.138095238095238	0.647619047619048
0.204761904761905	0.133333333333333	0.019047619047619	0.642857142857143
0.204761904761905	0.123809523809524	0.104761904761905	0.566666666666667
