sep=2	barwidth=20	rows=13	cols=4	population=157640	pseudo=0.01
//Colors and order
A	0	255	0
C	0	0	255
G	0	0	0
T	255	0	0
//Weight
A	C	G	T
0.341467901547831	0.375069779243847	0.183646282669373	0.0998160365389495
0.660619132199949	0.0834496320730779	0.10822126363867	0.147709972088302
0.0973420451662015	0.00990230905861456	0.840998477543771	0.0517571682314133
0	0	1	0
0	0	0	1
0.596517381375285	0.0225640700329866	0.369373255518904	0.0115452930728242
0.763251712763258	0.0241055569652372	0.11949378330373	0.0931489469677747
0.0781781273788379	0.0350291804110632	0.830106571936057	0.0566861202740421
0.183893681806648	0.144626998223801	0.188219994925146	0.483259325044405
0.297487947221517	0.189672671910683	0.304884547069272	0.207954833798528
0.224714539456991	0.247881248414108	0.23943161634103	0.287972595787871
0.222602131438721	0.259737376300431	0.245045673686882	0.272614818573966
0.225862725196651	0.23369068764273	0.258709718345598	0.281736868815022
